100%200,168,216,168%0%0%1;40,16,0,0;%0%
100%200,168,40,168%2;160,80,2,0;192,80,2,1;%0%1;120,20,1,0;%0%
90%160,120,40,168%10;184,152,34,0;184,160,34,0;184,168,34,0;184,172,34,0;191,152,34,0;191,160,34,0;191,168,34,0;191,176,34,0;184,152,40,0;191,152,40,0;%2;161,152,6;199,152,6;%1;40,16,0,0;%0%
100%200,168,40,168%6;72,80,19,0;88,80,20,0;176,80,1,0;280,80,19,0;296,80,20,0;176,128,1,0;%0%1;48,20,2,0;%0%
100%200,168,40,168%5;96,56,15,0;96,80,15,0;192,56,15,0;288,56,15,0;288,80,15,0;%0%2;16,16,1,0;200,68,4,0;%0%
100%200,168,40,168%5;80,64,19,0;83,64,21,0;184,64,4,0;296,64,19,0;299,64,21,0;%0%2;184,16,2,0;152,16,2,1;%0%
100%200,168,40,168%17;96,48,34,0;104,56,34,0;112,64,34,0;120,72,25,0;120,80,27,0;128,104,34,0;136,120,34,0;160,120,6,1;192,120,3,0;232,120,6,0;304,48,34,0;296,56,34,0;288,64,34,0;280,72,25,0;280,80,27,0;272,104,34,0;264,120,34,0;%0%2;180,16,0,0;180,68,3,0;%0%
100%200,168,40,168%19;62,94,22,0;78,94,23,0;94,94,23,0;110,94,24,0;256,94,22,0;272,94,23,0;288,94,23,0;304,94,24,0;62,102,22,0;78,102,23,0;94,102,23,0;110,102,24,0;256,102,22,0;272,102,23,0;288,102,23,0;304,102,24,0;184,48,31,0;184,64,32,0;184,72,33,0;%0%2;184,16,4,0;152,16,4,1;%0%
150%8,168,40,168%0%0%0%0%
150%8,168,40,168%0%0%0%0%
150%8,168,40,168%0%0%0%0%
150%8,168,40,168%0%0%0%0%
150%8,168,40,168%0%0%0%0%
150%8,168,40,168%0%0%0%0%
150%8,168,40,168%0%0%0%0%
150%8,168,40,168%0%0%0%0%
150%8,168,40,168%0%0%0%0%
150%8,168,40,168%0%0%0%0%
150%8,168,40,168%0%0%0%0%
150%8,168,40,168%0%0%0%0%
150%8,168,40,168%0%0%0%0%
150%8,168,40,168%0%0%0%0%
150%8,168,40,168%0%0%0%0%
150%8,168,40,168%0%0%0%0%
150%8,168,40,168%0%0%0%0%
150%8,168,40,168%0%0%0%0%
150%8,168,40,168%0%0%0%0%
150%8,168,40,168%0%0%0%0%
150%8,168,40,168%0%0%0%0%
150%8,168,40,168%0%0%0%0%
150%8,168,40,168%0%0%0%0%
150%8,168,40,168%0%0%0%0%
150%8,168,40,168%0%0%0%0%
150%8,168,40,168%0%0%0%0%
150%8,168,40,168%0%0%0%0%
150%8,168,40,168%0%0%0%0%
150%8,168,40,168%0%0%0%0%
150%8,168,40,168%0%0%0%0%
150%8,168,40,168%0%0%0%0%
150%8,168,40,168%0%0%0%0%
150%8,168,40,168%0%0%0%0%
150%8,168,40,168%0%0%0%0%
150%8,168,40,168%0%0%0%0%
150%8,168,40,168%0%0%0%0%
150%8,168,40,168%0%0%0%0%
150%8,168,40,168%0%0%0%0%
150%8,168,40,168%0%0%0%0%
150%8,168,40,168%0%0%0%0%
150%8,168,40,168%0%0%0%0%
150%8,168,40,168%0%0%0%0%